<?xml version="1.0" encoding="UTF-8" standalone="no" ?>
<COLLADA xmlns="http://www.collada.org/2005/11/COLLADASchema" version="1.4.1">
    <asset>
        <contributor>
            <authoring_tool>SketchUp 15.3.331</authoring_tool>
        </contributor>
        <created>2017-12-16T10:19:37Z</created>
        <modified>2017-12-16T10:19:37Z</modified>
        <unit meter="0.0254" name="inch" />
        <up_axis>Z_UP</up_axis>
    </asset>
    <library_cameras>
        <camera id="ID1" name="skp_camera_Last_Saved_SketchUp_View">
            <optics>
                <technique_common>
                    <perspective>
                        <yfov>35</yfov>
                        <aspect_ratio>0</aspect_ratio>
                        <znear>1</znear>
                        <zfar>1000</zfar>
                    </perspective>
                </technique_common>
            </optics>
        </camera>
    </library_cameras>
    <library_visual_scenes>
        <visual_scene id="ID2">
            <node name="SketchUp">
                <instance_geometry url="#ID3529">
                    <bind_material>
                        <technique_common>
                            <instance_material symbol="Material2" target="#ID3530">
                                <bind_vertex_input semantic="UVSET0" input_semantic="TEXCOORD" input_set="0" />
                            </instance_material>
                        </technique_common>
                    </bind_material>
                </instance_geometry>
                <instance_geometry url="#ID3542">
                    <bind_material>
                        <technique_common>
                            <instance_material symbol="Material2" target="#ID3543">
                                <bind_vertex_input semantic="UVSET0" input_semantic="TEXCOORD" input_set="0" />
                            </instance_material>
                        </technique_common>
                    </bind_material>
                </instance_geometry>
                <instance_geometry url="#ID3555">
                    <bind_material>
                        <technique_common>
                            <instance_material symbol="Material2" target="#ID3543">
                                <bind_vertex_input semantic="UVSET0" input_semantic="TEXCOORD" input_set="0" />
                            </instance_material>
                        </technique_common>
                    </bind_material>
                </instance_geometry>
                <instance_geometry url="#ID3563">
                    <bind_material>
                        <technique_common>
                            <instance_material symbol="Material2" target="#ID3543">
                                <bind_vertex_input semantic="UVSET0" input_semantic="TEXCOORD" input_set="0" />
                            </instance_material>
                        </technique_common>
                    </bind_material>
                </instance_geometry>
                <instance_geometry url="#ID3571">
                    <bind_material>
                        <technique_common>
                            <instance_material symbol="Material2" target="#ID3543">
                                <bind_vertex_input semantic="UVSET0" input_semantic="TEXCOORD" input_set="0" />
                            </instance_material>
                        </technique_common>
                    </bind_material>
                </instance_geometry>
                <instance_geometry url="#ID3579">
                    <bind_material>
                        <technique_common>
                            <instance_material symbol="Material2" target="#ID3543">
                                <bind_vertex_input semantic="UVSET0" input_semantic="TEXCOORD" input_set="0" />
                            </instance_material>
                        </technique_common>
                    </bind_material>
                </instance_geometry>
                <instance_geometry url="#ID3587">
                    <bind_material>
                        <technique_common>
                            <instance_material symbol="Material2" target="#ID3588">
                                <bind_vertex_input semantic="UVSET0" input_semantic="TEXCOORD" input_set="0" />
                            </instance_material>
                        </technique_common>
                    </bind_material>
                </instance_geometry>
                <instance_geometry url="#ID3600">
                    <bind_material>
                        <technique_common>
                            <instance_material symbol="Material2" target="#ID3601">
                                <bind_vertex_input semantic="UVSET0" input_semantic="TEXCOORD" input_set="0" />
                            </instance_material>
                        </technique_common>
                    </bind_material>
                </instance_geometry>
                <instance_geometry url="#ID3613">
                    <bind_material>
                        <technique_common>
                            <instance_material symbol="Material2" target="#ID3530">
                                <bind_vertex_input semantic="UVSET0" input_semantic="TEXCOORD" input_set="0" />
                            </instance_material>
                        </technique_common>
                    </bind_material>
                </instance_geometry>
                <instance_geometry url="#ID3621">
                    <bind_material>
                        <technique_common>
                            <instance_material symbol="Material2" target="#ID3623">
                                <bind_vertex_input semantic="UVSET0" input_semantic="TEXCOORD" input_set="0" />
                            </instance_material>
                        </technique_common>
                    </bind_material>
                </instance_geometry>
                <instance_geometry url="#ID3629">
                    <bind_material>
                        <technique_common>
                            <instance_material symbol="Material2" target="#ID3630">
                                <bind_vertex_input semantic="UVSET0" input_semantic="TEXCOORD" input_set="0" />
                            </instance_material>
                        </technique_common>
                    </bind_material>
                </instance_geometry>
                <instance_geometry url="#ID3642">
                    <bind_material>
                        <technique_common>
                            <instance_material symbol="Material2" target="#ID3630">
                                <bind_vertex_input semantic="UVSET0" input_semantic="TEXCOORD" input_set="0" />
                            </instance_material>
                        </technique_common>
                    </bind_material>
                </instance_geometry>
                <instance_geometry url="#ID3650">
                    <bind_material>
                        <technique_common>
                            <instance_material symbol="Material2" target="#ID3651">
                                <bind_vertex_input semantic="UVSET0" input_semantic="TEXCOORD" input_set="0" />
                            </instance_material>
                        </technique_common>
                    </bind_material>
                </instance_geometry>
                <instance_geometry url="#ID3663">
                    <bind_material>
                        <technique_common>
                            <instance_material symbol="Material2" target="#ID3651">
                                <bind_vertex_input semantic="UVSET0" input_semantic="TEXCOORD" input_set="0" />
                            </instance_material>
                        </technique_common>
                    </bind_material>
                </instance_geometry>
                <instance_geometry url="#ID3671">
                    <bind_material>
                        <technique_common>
                            <instance_material symbol="Material2" target="#ID3524">
                                <bind_vertex_input semantic="UVSET0" input_semantic="TEXCOORD" input_set="0" />
                            </instance_material>
                        </technique_common>
                    </bind_material>
                </instance_geometry>
                <instance_geometry url="#ID3675">
                    <bind_material>
                        <technique_common>
                            <instance_material symbol="Material2" target="#ID3524">
                                <bind_vertex_input semantic="UVSET0" input_semantic="TEXCOORD" input_set="0" />
                            </instance_material>
                        </technique_common>
                    </bind_material>
                </instance_geometry>
                <instance_geometry url="#ID3679">
                    <bind_material>
                        <technique_common>
                            <instance_material symbol="Material2" target="#ID3524">
                                <bind_vertex_input semantic="UVSET0" input_semantic="TEXCOORD" input_set="0" />
                            </instance_material>
                        </technique_common>
                    </bind_material>
                </instance_geometry>
                <instance_geometry url="#ID3683">
                    <bind_material>
                        <technique_common>
                            <instance_material symbol="Material2" target="#ID3524">
                                <bind_vertex_input semantic="UVSET0" input_semantic="TEXCOORD" input_set="0" />
                            </instance_material>
                        </technique_common>
                    </bind_material>
                </instance_geometry>
                <instance_geometry url="#ID3687">
                    <bind_material>
                        <technique_common>
                            <instance_material symbol="Material2" target="#ID3524">
                                <bind_vertex_input semantic="UVSET0" input_semantic="TEXCOORD" input_set="0" />
                            </instance_material>
                        </technique_common>
                    </bind_material>
                </instance_geometry>
                <node name="skp_camera_Last_Saved_SketchUp_View">
                    <matrix>0.8653919 -0.1170425 0.487235 102.9568 0.5010957 0.2021323 -0.8414545 -65.61449 2.775558e-17 0.9723392 0.2335732 86.96868 0 0 0 1</matrix>
                    <instance_camera url="#ID1" />
                </node>
                <node id="ID3" name="group_0">
                    <matrix>-1 0 1.110223e-16 78.61468 0 1 0 4.791342 -1.110223e-16 0 -1 42.74525 0 0 0 1</matrix>
                    <instance_geometry url="#ID4">
                        <bind_material>
                            <technique_common>
                                <instance_material symbol="Material2" target="#ID5">
                                    <bind_vertex_input semantic="UVSET0" input_semantic="TEXCOORD" input_set="0" />
                                </instance_material>
                            </technique_common>
                        </bind_material>
                    </instance_geometry>
                </node>
                <node id="ID17" name="group_1">
                    <matrix>1 0 0 80.5945 0 1 0 5.582684 0 0 1 35.68922 0 0 0 1</matrix>
                    <instance_geometry url="#ID18">
                        <bind_material>
                            <technique_common>
                                <instance_material symbol="Material2" target="#ID5">
                                    <bind_vertex_input semantic="UVSET0" input_semantic="TEXCOORD" input_set="0" />
                                </instance_material>
                            </technique_common>
                        </bind_material>
                    </instance_geometry>
                </node>
                <node id="ID26" name="group_2">
                    <matrix>-0.9659258 0 0.258819 73.80042 0 1 0 3 -0.258819 0 -0.9659258 40.82273 0 0 0 1</matrix>
                    <instance_geometry url="#ID27">
                        <bind_material>
                            <technique_common>
                                <instance_material symbol="Material2" target="#ID5">
                                    <bind_vertex_input semantic="UVSET0" input_semantic="TEXCOORD" input_set="0" />
                                </instance_material>
                            </technique_common>
                        </bind_material>
                    </instance_geometry>
                </node>
                <node id="ID35" name="group_3">
                    <matrix>-0.1684894 -2.591987e-16 -0.9857035 82.30886 -1.636259e-16 1 -2.34989e-16 4.791342 0.9857035 1.216935e-16 -0.1684894 39.53148 0 0 0 1</matrix>
                    <instance_geometry url="#ID36">
                        <bind_material>
                            <technique_common>
                                <instance_material symbol="Material2" target="#ID5">
                                    <bind_vertex_input semantic="UVSET0" input_semantic="TEXCOORD" input_set="0" />
                                </instance_material>
                            </technique_common>
                        </bind_material>
                    </instance_geometry>
                </node>
                <node id="ID44" name="group_4">
                    <matrix>-0.9659258 0 0.258819 80.0381 0 1 0 2 -0.258819 0 -0.9659258 38.13718 0 0 0 1</matrix>
                    <instance_geometry url="#ID45">
                        <bind_material>
                            <technique_common>
                                <instance_material symbol="Material2" target="#ID5">
                                    <bind_vertex_input semantic="UVSET0" input_semantic="TEXCOORD" input_set="0" />
                                </instance_material>
                            </technique_common>
                        </bind_material>
                    </instance_geometry>
                </node>
                <node id="ID53" name="group_5">
                    <matrix>-0.09237059 -6.991641e-16 0.9957247 81.17004 3.97615e-17 1 7.058547e-16 4.791342 -0.9957247 1.047917e-16 -0.09237059 42.46842 0 0 0 1</matrix>
                    <instance_geometry url="#ID54">
                        <bind_material>
                            <technique_common>
                                <instance_material symbol="Material2" target="#ID5">
                                    <bind_vertex_input semantic="UVSET0" input_semantic="TEXCOORD" input_set="0" />
                                </instance_material>
                            </technique_common>
                        </bind_material>
                    </instance_geometry>
                </node>
                <node id="ID62" name="group_6">
                    <matrix>-0.9659258 5.746937e-17 -0.258819 81.48367 -5.746937e-17 1 4.365232e-16 4.791342 0.258819 4.365232e-16 -0.9659258 36.41868 0 0 0 1</matrix>
                    <instance_geometry url="#ID63">
                        <bind_material>
                            <technique_common>
                                <instance_material symbol="Material2" target="#ID5">
                                    <bind_vertex_input semantic="UVSET0" input_semantic="TEXCOORD" input_set="0" />
                                </instance_material>
                            </technique_common>
                        </bind_material>
                    </instance_geometry>
                </node>
                <node id="ID71" name="group_7">
                    <matrix>1 0 0 78.78568 0 1 0 3 0 0 1 37.0464 0 0 0 1</matrix>
                    <instance_geometry url="#ID72">
                        <bind_material>
                            <technique_common>
                                <instance_material symbol="Material2" target="#ID5">
                                    <bind_vertex_input semantic="UVSET0" input_semantic="TEXCOORD" input_set="0" />
                                </instance_material>
                            </technique_common>
                        </bind_material>
                    </instance_geometry>
                </node>
                <node id="ID80" name="group_8">
                    <matrix>-0.9743701 -4.281197e-16 -0.2249511 81.7214 -4.847752e-16 1 1.966237e-16 3.791342 0.2249511 3.006349e-16 -0.9743701 41.00526 0 0 0 1</matrix>
                    <instance_geometry url="#ID81">
                        <bind_material>
                            <technique_common>
                                <instance_material symbol="Material2" target="#ID5">
                                    <bind_vertex_input semantic="UVSET0" input_semantic="TEXCOORD" input_set="0" />
                                </instance_material>
                            </technique_common>
                        </bind_material>
                    </instance_geometry>
                </node>
                <node id="ID89" name="group_9">
                    <matrix>-0.1684894 -2.591987e-16 -0.9857035 82.14047 -1.636259e-16 1 -2.34989e-16 3.791342 0.9857035 1.216935e-16 -0.1684894 41.1206 0 0 0 1</matrix>
                    <instance_geometry url="#ID90">
                        <bind_material>
                            <technique_common>
                                <instance_material symbol="Material2" target="#ID5">
                                    <bind_vertex_input semantic="UVSET0" input_semantic="TEXCOORD" input_set="0" />
                                </instance_material>
                            </technique_common>
                        </bind_material>
                    </instance_geometry>
                </node>
                <node id="ID98" name="group_10">
                    <matrix>-0.9659258 0 0.258819 76.02931 0 1 0 3.791342 -0.258819 0 -0.9659258 40.12167 0 0 0 1</matrix>
                    <instance_geometry url="#ID99">
                        <bind_material>
                            <technique_common>
                                <instance_material symbol="Material2" target="#ID5">
                                    <bind_vertex_input semantic="UVSET0" input_semantic="TEXCOORD" input_set="0" />
                                </instance_material>
                            </technique_common>
                        </bind_material>
                    </instance_geometry>
                </node>
                <node id="ID107" name="group_11">
                    <matrix>-0.9659258 5.746937e-17 -0.258819 81.57481 -5.746937e-17 1 4.365232e-16 3.791342 0.258819 4.365232e-16 -0.9659258 36.1954 0 0 0 1</matrix>
                    <instance_geometry url="#ID108">
                        <bind_material>
                            <technique_common>
                                <instance_material symbol="Material2" target="#ID5">
                                    <bind_vertex_input semantic="UVSET0" input_semantic="TEXCOORD" input_set="0" />
                                </instance_material>
                            </technique_common>
                        </bind_material>
                    </instance_geometry>
                </node>
                <node id="ID116" name="group_12">
                    <matrix>1 0 0 79.99161 0 1 0 3.791342 0 0 1 35.68922 0 0 0 1</matrix>
                    <instance_geometry url="#ID117">
                        <bind_material>
                            <technique_common>
                                <instance_material symbol="Material2" target="#ID5">
                                    <bind_vertex_input semantic="UVSET0" input_semantic="TEXCOORD" input_set="0" />
                                </instance_material>
                            </technique_common>
                        </bind_material>
                    </instance_geometry>
                </node>
                <node id="ID125" name="group_13">
                    <matrix>0.4178671 -2.591987e-16 0.9085082 79.71968 2.188701e-16 1 1.846324e-16 2 -0.9085082 1.216935e-16 0.4178671 40.75397 0 0 0 1</matrix>
                    <instance_geometry url="#ID126">
                        <bind_material>
                            <technique_common>
                                <instance_material symbol="Material2" target="#ID5">
                                    <bind_vertex_input semantic="UVSET0" input_semantic="TEXCOORD" input_set="0" />
                                </instance_material>
                            </technique_common>
                        </bind_material>
                    </instance_geometry>
                </node>
                <node id="ID134" name="group_14">
                    <matrix>0.9659258 -5.746937e-17 0.258819 71.14983 -5.746937e-17 1 4.365232e-16 4.791342 -0.258819 -4.365232e-16 0.9659258 42.34812 0 0 0 1</matrix>
                    <instance_geometry url="#ID135">
                        <bind_material>
                            <technique_common>
                                <instance_material symbol="Material2" target="#ID5">
                                    <bind_vertex_input semantic="UVSET0" input_semantic="TEXCOORD" input_set="0" />
                                </instance_material>
                            </technique_common>
                        </bind_material>
                    </instance_geometry>
                </node>
                <node id="ID143" name="group_15">
                    <matrix>-0.5 0 -0.8660254 75.3431 0 1 0 2 0.8660254 0 -0.5 40.27502 0 0 0 1</matrix>
                    <instance_geometry url="#ID144">
                        <bind_material>
                            <technique_common>
                                <instance_material symbol="Material2" target="#ID5">
                                    <bind_vertex_input semantic="UVSET0" input_semantic="TEXCOORD" input_set="0" />
                                </instance_material>
                            </technique_common>
                        </bind_material>
                    </instance_geometry>
                </node>
                <node id="ID152" name="group_16">
                    <matrix>0.9085082 -8.436558e-17 -0.4178671 70.52011 9.488153e-17 1 4.391519e-18 3.791342 0.4178671 -4.36376e-17 0.9085082 39.281 0 0 0 1</matrix>
                    <instance_geometry url="#ID153">
                        <bind_material>
                            <technique_common>
                                <instance_material symbol="Material2" target="#ID5">
                                    <bind_vertex_input semantic="UVSET0" input_semantic="TEXCOORD" input_set="0" />
                                </instance_material>
                            </technique_common>
                        </bind_material>
                    </instance_geometry>
                </node>
                <node id="ID161" name="group_17">
                    <matrix>0.385906 2.048446e-16 -0.9225381 75.57051 -2.048446e-16 1 1.363563e-16 3.791342 0.9225381 1.363563e-16 0.385906 36.35229 0 0 0 1</matrix>
                    <instance_geometry url="#ID162">
                        <bind_material>
                            <technique_common>
                                <instance_material symbol="Material2" target="#ID5">
                                    <bind_vertex_input semantic="UVSET0" input_semantic="TEXCOORD" input_set="0" />
                                </instance_material>
                            </technique_common>
                        </bind_material>
                    </instance_geometry>
                </node>
                <node id="ID170" name="group_18">
                    <matrix>-0.4178671 2.591987e-16 -0.9085082 78.40264 2.188701e-16 1 1.846324e-16 3 0.9085082 -1.216935e-16 -0.4178671 39.19408 0 0 0 1</matrix>
                    <instance_geometry url="#ID171">
                        <bind_material>
                            <technique_common>
                                <instance_material symbol="Material2" target="#ID5">
                                    <bind_vertex_input semantic="UVSET0" input_semantic="TEXCOORD" input_set="0" />
                                </instance_material>
                            </technique_common>
                        </bind_material>
                    </instance_geometry>
                </node>
                <node id="ID179" name="group_19">
                    <matrix>0.1684894 2.591987e-16 0.9857035 70.49302 -1.636259e-16 1 -2.34989e-16 3.791342 -0.9857035 -1.216935e-16 0.1684894 37.6462 0 0 0 1</matrix>
                    <instance_geometry url="#ID180">
                        <bind_material>
                            <technique_common>
                                <instance_material symbol="Material2" target="#ID5">
                                    <bind_vertex_input semantic="UVSET0" input_semantic="TEXCOORD" input_set="0" />
                                </instance_material>
                            </technique_common>
                        </bind_material>
                    </instance_geometry>
                </node>
                <node id="ID188" name="group_20">
                    <matrix>0.5 -1.348269e-16 0.8660254 77.14226 -2.144786e-16 1 2.79514e-16 2 -0.8660254 -3.255009e-16 0.5 40.16747 0 0 0 1</matrix>
                    <instance_geometry url="#ID189">
                        <bind_material>
                            <technique_common>
                                <instance_material symbol="Material2" target="#ID5">
                                    <bind_vertex_input semantic="UVSET0" input_semantic="TEXCOORD" input_set="0" />
                                </instance_material>
                            </technique_common>
                        </bind_material>
                    </instance_geometry>
                </node>
                <node id="ID197" name="group_21">
                    <matrix>-0.4178671 2.591987e-16 -0.9085082 73.48777 2.188701e-16 1 1.846324e-16 3 0.9085082 -1.216935e-16 -0.4178671 36.52144 0 0 0 1</matrix>
                    <instance_geometry url="#ID198">
                        <bind_material>
                            <technique_common>
                                <instance_material symbol="Material2" target="#ID5">
                                    <bind_vertex_input semantic="UVSET0" input_semantic="TEXCOORD" input_set="0" />
                                </instance_material>
                            </technique_common>
                        </bind_material>
                    </instance_geometry>
                </node>
                <node id="ID206" name="group_22">
                    <matrix>-0.9659258 0 0.258819 79.30762 0 1 0 3.791342 -0.258819 0 -0.9659258 39.65683 0 0 0 1</matrix>
                    <instance_geometry url="#ID207">
                        <bind_material>
                            <technique_common>
                                <instance_material symbol="Material2" target="#ID5">
                                    <bind_vertex_input semantic="UVSET0" input_semantic="TEXCOORD" input_set="0" />
                                </instance_material>
                            </technique_common>
                        </bind_material>
                    </instance_geometry>
                </node>
                <node id="ID215" name="group_23">
                    <matrix>0.1684894 2.591987e-16 0.9857035 70.32463 -1.636259e-16 1 -2.34989e-16 4.791342 -0.9857035 -1.216935e-16 0.1684894 39.23532 0 0 0 1</matrix>
                    <instance_geometry url="#ID216">
                        <bind_material>
                            <technique_common>
                                <instance_material symbol="Material2" target="#ID5">
                                    <bind_vertex_input semantic="UVSET0" input_semantic="TEXCOORD" input_set="0" />
                                </instance_material>
                            </technique_common>
                        </bind_material>
                    </instance_geometry>
                </node>
                <node id="ID224" name="group_24">
                    <matrix>-0.9659258 0 0.258819 74.1195 0 1 0 4 -0.258819 0 -0.9659258 38.36509 0 0 0 1</matrix>
                    <instance_geometry url="#ID225">
                        <bind_material>
                            <technique_common>
                                <instance_material symbol="Material2" target="#ID5">
                                    <bind_vertex_input semantic="UVSET0" input_semantic="TEXCOORD" input_set="0" />
                                </instance_material>
                            </technique_common>
                        </bind_material>
                    </instance_geometry>
                </node>
                <node id="ID233" name="group_25">
                    <matrix>-0.9659258 0 0.258819 77.20144 0 1 0 3.791342 -0.258819 0 -0.9659258 37.57096 0 0 0 1</matrix>
                    <instance_geometry url="#ID234">
                        <bind_material>
                            <technique_common>
                                <instance_material symbol="Material2" target="#ID5">
                                    <bind_vertex_input semantic="UVSET0" input_semantic="TEXCOORD" input_set="0" />
                                </instance_material>
                            </technique_common>
                        </bind_material>
                    </instance_geometry>
                </node>
                <node id="ID242" name="group_26">
                    <matrix>-0.4178671 2.591987e-16 -0.9085082 73.58439 2.188701e-16 1 1.846324e-16 2 0.9085082 -1.216935e-16 -0.4178671 38.84978 0 0 0 1</matrix>
                    <instance_geometry url="#ID243">
                        <bind_material>
                            <technique_common>
                                <instance_material symbol="Material2" target="#ID5">
                                    <bind_vertex_input semantic="UVSET0" input_semantic="TEXCOORD" input_set="0" />
                                </instance_material>
                            </technique_common>
                        </bind_material>
                    </instance_geometry>
                </node>
                <node id="ID251" name="group_27">
                    <matrix>-0.1149372 2.591987e-16 -0.9933728 72.77567 1.506786e-16 1 2.434938e-16 3.791342 0.9933728 -1.216935e-16 -0.1149372 37.26111 0 0 0 1</matrix>
                    <instance_geometry url="#ID252">
                        <bind_material>
                            <technique_common>
                                <instance_material symbol="Material2" target="#ID5">
                                    <bind_vertex_input semantic="UVSET0" input_semantic="TEXCOORD" input_set="0" />
                                </instance_material>
                            </technique_common>
                        </bind_material>
                    </instance_geometry>
                </node>
                <node id="ID260" name="group_28">
                    <matrix>-0.9659258 5.746937e-17 -0.258819 77.39324 -5.746937e-17 1 4.365232e-16 4.791342 0.258819 4.365232e-16 -0.9659258 37.25562 0 0 0 1</matrix>
                    <instance_geometry url="#ID261">
                        <bind_material>
                            <technique_common>
                                <instance_material symbol="Material2" target="#ID5">
                                    <bind_vertex_input semantic="UVSET0" input_semantic="TEXCOORD" input_set="0" />
                                </instance_material>
                            </technique_common>
                        </bind_material>
                    </instance_geometry>
                </node>
                <node id="ID269" name="group_29">
                    <matrix>1 0 0 74.01882 0 1 0 4.791342 0 0 1 36.02154 0 0 0 1</matrix>
                    <instance_geometry url="#ID270">
                        <bind_material>
                            <technique_common>
                                <instance_material symbol="Material2" target="#ID5">
                                    <bind_vertex_input semantic="UVSET0" input_semantic="TEXCOORD" input_set="0" />
                                </instance_material>
                            </technique_common>
                        </bind_material>
                    </instance_geometry>
                </node>
                <node id="ID278" name="group_30">
                    <matrix>0.09237059 6.991641e-16 -0.9957247 72.10962 3.97615e-17 1 7.058547e-16 4.791342 0.9957247 -1.047917e-16 0.09237059 36.11707 0 0 0 1</matrix>
                    <instance_geometry url="#ID279">
                        <bind_material>
                            <technique_common>
                                <instance_material symbol="Material2" target="#ID5">
                                    <bind_vertex_input semantic="UVSET0" input_semantic="TEXCOORD" input_set="0" />
                                </instance_material>
                            </technique_common>
                        </bind_material>
                    </instance_geometry>
                </node>
                <node id="ID287" name="group_31">
                    <matrix>1 0 0 78.49173 0 1 0 2 0 0 1 38.91418 0 0 0 1</matrix>
                    <instance_geometry url="#ID288">
                        <bind_material>
                            <technique_common>
                                <instance_material symbol="Material2" target="#ID5">
                                    <bind_vertex_input semantic="UVSET0" input_semantic="TEXCOORD" input_set="0" />
                                </instance_material>
                            </technique_common>
                        </bind_material>
                    </instance_geometry>
                </node>
                <node id="ID296" name="group_32">
                    <matrix>-0.5 0 -0.8660254 70.96509 0 1 0 2 0.8660254 0 -0.5 40.50558 0 0 0 1</matrix>
                    <instance_geometry url="#ID297">
                        <bind_material>
                            <technique_common>
                                <instance_material symbol="Material2" target="#ID5">
                                    <bind_vertex_input semantic="UVSET0" input_semantic="TEXCOORD" input_set="0" />
                                </instance_material>
                            </technique_common>
                        </bind_material>
                    </instance_geometry>
                </node>
                <node id="ID305" name="group_33">
                    <matrix>0.4178671 -2.591987e-16 0.9085082 79.98186 2.188701e-16 1 1.846324e-16 4 -0.9085082 1.216935e-16 0.4178671 39.23586 0 0 0 1</matrix>
                    <instance_geometry url="#ID306">
                        <bind_material>
                            <technique_common>
                                <instance_material symbol="Material2" target="#ID5">
                                    <bind_vertex_input semantic="UVSET0" input_semantic="TEXCOORD" input_set="0" />
                                </instance_material>
                            </technique_common>
                        </bind_material>
                    </instance_geometry>
                </node>
                <node id="ID314" name="group_34">
                    <matrix>-0.9659258 0 0.258819 81.60487 0 1 0 3 -0.258819 0 -0.9659258 38.45164 0 0 0 1</matrix>
                    <instance_geometry url="#ID315">
                        <bind_material>
                            <technique_common>
                                <instance_material symbol="Material2" target="#ID5">
                                    <bind_vertex_input semantic="UVSET0" input_semantic="TEXCOORD" input_set="0" />
                                </instance_material>
                            </technique_common>
                        </bind_material>
                    </instance_geometry>
                </node>
                <node id="ID323" name="group_35">
                    <matrix>0.5 -1.348269e-16 0.8660254 73.86396 -2.144786e-16 1 2.79514e-16 2 -0.8660254 -3.255009e-16 0.5 40.63231 0 0 0 1</matrix>
                    <instance_geometry url="#ID324">
                        <bind_material>
                            <technique_common>
                                <instance_material symbol="Material2" target="#ID5">
                                    <bind_vertex_input semantic="UVSET0" input_semantic="TEXCOORD" input_set="0" />
                                </instance_material>
                            </technique_common>
                        </bind_material>
                    </instance_geometry>
                </node>
                <node id="ID332" name="group_36">
                    <matrix>1 0 0 77.10236 0 1 0 5.791342 0 0 1 35.52361 0 0 0 1</matrix>
                    <instance_geometry url="#ID333">
                        <bind_material>
                            <technique_common>
                                <instance_material symbol="Material2" target="#ID5">
                                    <bind_vertex_input semantic="UVSET0" input_semantic="TEXCOORD" input_set="0" />
                                </instance_material>
                            </technique_common>
                        </bind_material>
                    </instance_geometry>
                </node>
                <node id="ID341" name="group_37">
                    <matrix>0.9659258 0 -0.258819 75.43206 0 1 0 3.791342 0.258819 -0 0.9659258 41.19584 0 0 0 1</matrix>
                    <instance_geometry url="#ID342">
                        <bind_material>
                            <technique_common>
                                <instance_material symbol="Material2" target="#ID5">
                                    <bind_vertex_input semantic="UVSET0" input_semantic="TEXCOORD" input_set="0" />
                                </instance_material>
                            </technique_common>
                        </bind_material>
                    </instance_geometry>
                </node>
                <node id="ID350" name="group_38">
                    <matrix>1 0 0 78.63985 0 1 0 2 0 0 1 37.23849 0 0 0 1</matrix>
                    <instance_geometry url="#ID351">
                        <bind_material>
                            <technique_common>
                                <instance_material symbol="Material2" target="#ID5">
                                    <bind_vertex_input semantic="UVSET0" input_semantic="TEXCOORD" input_set="0" />
                                </instance_material>
                            </technique_common>
                        </bind_material>
                    </instance_geometry>
                </node>
                <node id="ID359" name="group_39">
                    <matrix>-1 0 1.110223e-16 73.84782 0 1 0 3 -1.110223e-16 0 -1 41.72039 0 0 0 1</matrix>
                    <instance_geometry url="#ID360">
                        <bind_material>
                            <technique_common>
                                <instance_material symbol="Material2" target="#ID5">
                                    <bind_vertex_input semantic="UVSET0" input_semantic="TEXCOORD" input_set="0" />
                                </instance_material>
                            </technique_common>
                        </bind_material>
