<?xml version="1.0" encoding="UTF-8" standalone="no" ?>
<COLLADA xmlns="http://www.collada.org/2005/11/COLLADASchema" version="1.4.1">
    <asset>
        <contributor>
            <authoring_tool>SketchUp 8.0.11752</authoring_tool>
        </contributor>
        <created>2017-12-16T15:53:56Z</created>
        <modified>2017-12-16T15:53:56Z</modified>
        <unit meter="0.0254" name="inch" />
        <up_axis>Z_UP</up_axis>
    </asset>
    <library_cameras>
        <camera id="ID1" name="skp_camera_Last_Saved_SketchUp_View">
            <optics>
                <technique_common>
                    <perspective>
                        <yfov>35</yfov>
                        <aspect_ratio>0</aspect_ratio>
                        <znear>1</znear>
                        <zfar>1000</zfar>
                    </perspective>
                </technique_common>
            </optics>
        </camera>
        <camera id="ID2" name="skp_camera_Scene_1">
            <optics>
                <technique_common>
                    <perspective>
                        <yfov>35</yfov>
                        <aspect_ratio>0</aspect_ratio>
                        <znear>1</znear>
                        <zfar>1000</zfar>
                    </perspective>
                </technique_common>
            </optics>
        </camera>
    </library_cameras>
    <library_visual_scenes>
        <visual_scene id="ID3">
            <node name="SketchUp">
                <node name="skp_camera_Last_Saved_SketchUp_View">
                    <matrix>0.9027504 0.106534 -0.4167641 4.665127 -0.4301648 0.2235738 -0.8746274 -192.5583 2.775558e-17 0.9688474 0.2476585 104.2426 0 0 0 1</matrix>
                    <instance_camera url="#ID1" />
                </node>
                <node name="skp_camera_Scene_1">
                    <matrix>0.9454001 0.07178828 -0.3179073 25.66149 -0.325912 0.2082423 -0.9221803 -213.4021 0 0.9754392 0.2202689 102.6164 0 0 0 1</matrix>
                    <instance_camera url="#ID2" />
                </node>
                <node id="ID4" name="instance_0">
                    <matrix>1 0 0 8.403065 0 1 0 -2.11386 0 0 1 6.846 0 0 0 1</matrix>
                    <instance_node url="#ID5" />
                </node>
                <node id="ID388" name="instance_50">
                    <matrix>-1 -2.405227e-14 0 183.5071 2.405227e-14 -1 0 21.32275 0 0 1 6.846 0 0 0 1</matrix>
                    <instance_node url="#ID5" />
                </node>
            </node>
        </visual_scene>
    </library_visual_scenes>
    <library_nodes>
        <node id="ID5" name="Group_27">
            <node id="ID6" name="group_0">
                <matrix>1 2.280068e-24 -1.194769e-12 5.868 -1.194769e-12 1.908376e-12 -1 5.652219 0 1 1.908376e-12 5.868 0 0 0 1</matrix>
                <instance_geometry url="#ID7">
                    <bind_material>
                        <technique_common>
                            <instance_material symbol="Material2" target="#ID8">
                                <bind_vertex_input semantic="UVSET0" input_semantic="TEXCOORD" input_set="0" />
                            </instance_material>
                        </technique_common>
                    </bind_material>
                </instance_geometry>
            </node>
            <node id="ID15" name="group_1">
                <matrix>1 2.280068e-24 -1.194769e-12 6.392442 -1.194769e-12 1.908376e-12 -1 7.657758 0 1 1.908376e-12 6.392442 0 0 0 1</matrix>
                <instance_geometry url="#ID74">
                    <bind_material>
                        <technique_common>
                            <instance_material symbol="Material2" target="#ID75">
                                <bind_vertex_input semantic="UVSET0" input_semantic="TEXCOORD" input_set="0" />
                            </instance_material>
                        </technique_common>
                    </bind_material>
                </instance_geometry>
                <instance_geometry url="#ID87">
                    <bind_material>
                        <technique_common>
                            <instance_material symbol="Material2" target="#ID88">
                                <bind_vertex_input semantic="UVSET0" input_semantic="TEXCOORD" input_set="0" />
                            </instance_material>
                            <instance_material symbol="Material3" target="#ID97">
                                <bind_vertex_input semantic="UVSET0" input_semantic="TEXCOORD" input_set="0" />
                            </instance_material>
                        </technique_common>
                    </bind_material>
                </instance_geometry>
                <instance_geometry url="#ID102">
                    <bind_material>
                        <technique_common>
                            <instance_material symbol="Material2" target="#ID88">
                                <bind_vertex_input semantic="UVSET0" input_semantic="TEXCOORD" input_set="0" />
                            </instance_material>
                            <instance_material symbol="Material3" target="#ID97">
                                <bind_vertex_input semantic="UVSET0" input_semantic="TEXCOORD" input_set="0" />
                            </instance_material>
                        </technique_common>
                    </bind_material>
                </instance_geometry>
                <node id="ID16" name="instance_1">
                    <matrix>4.59 0 0 26.80551 0 3.436947 0 44.38386 0 0 4.5 0.204 0 0 0 1</matrix>
                    <instance_node url="#ID17" />
                </node>
            </node>
            <node id="ID110" name="group_2">
                <matrix>1 2.280068e-24 -1.194769e-12 1.30395 -1.194769e-12 1.908376e-12 -1 8.786171 0 1 1.908376e-12 1.30395 0 0 0 1</matrix>
                <instance_geometry url="#ID111">
                    <bind_material>
                        <technique_common>
                            <instance_material symbol="Material2" target="#ID97">
                                <bind_vertex_input semantic="UVSET0" input_semantic="TEXCOORD" input_set="0" />
                            </instance_material>
                            <instance_material symbol="Material3" target="#ID112">
                                <bind_vertex_input semantic="UVSET0" input_semantic="TEXCOORD" input_set="0" />
                            </instance_material>
                        </technique_common>
                    </bind_material>
                </instance_geometry>
                <instance_geometry url="#ID124">
                    <bind_material>
                        <technique_common>
                            <instance_material symbol="Material2" target="#ID97">
                                <bind_vertex_input semantic="UVSET0" input_semantic="TEXCOORD" input_set="0" />
                            </instance_material>
                        </technique_common>
                    </bind_material>
                </instance_geometry>
                <instance_geometry url="#ID130">
                    <bind_material>
                        <technique_common>
                            <instance_material symbol="Material2" target="#ID97">
                                <bind_vertex_input semantic="UVSET0" input_semantic="TEXCOORD" input_set="0" />
                            </instance_material>
                        </technique_common>
                    </bind_material>
                </instance_geometry>
            </node>
            <node id="ID136" name="group_3">
                <matrix>-1 2.280068e-24 1.684342e-12 71.51756 1.684342e-12 1.908376e-12 1 15.00707 -9.342907e-25 1 -1.908376e-12 5.018443 0 0 0 1</matrix>
                <instance_geometry url="#ID137">
                    <bind_material>
                        <technique_common>
                            <instance_material symbol="Material2" target="#ID97">
                                <bind_vertex_input semantic="UVSET0" input_semantic="TEXCOORD" input_set="0" />
                            </instance_material>
                            <instance_material symbol="Material3" target="#ID141">
                                <bind_vertex_input semantic="UVSET0" input_semantic="TEXCOORD" input_set="0" />
                            </instance_material>
                        </technique_common>
                    </bind_material>
                </instance_geometry>
                <instance_geometry url="#ID150">
                    <bind_material>
                        <technique_common>
                            <instance_material symbol="Material2" target="#ID97">
                                <bind_vertex_input semantic="UVSET0" input_semantic="TEXCOORD" input_set="0" />
                            </instance_material>
                            <instance_material symbol="Material3" target="#ID141">
                                <bind_vertex_input semantic="UVSET0" input_semantic="TEXCOORD" input_set="0" />
                            </instance_material>
                        </technique_common>
                    </bind_material>
                </instance_geometry>
                <instance_geometry url="#ID158">
                    <bind_material>
                        <technique_common>
                            <instance_material symbol="Material2" target="#ID97">
                                <bind_vertex_input semantic="UVSET0" input_semantic="TEXCOORD" input_set="0" />
                            </instance_material>
                            <instance_material symbol="Material3" target="#ID141">
                                <bind_vertex_input semantic="UVSET0" input_semantic="TEXCOORD" input_set="0" />
                            </instance_material>
                        </technique_common>
                    </bind_material>
                </instance_geometry>
                <instance_geometry url="#ID166">
                    <bind_material>
                        <technique_common>
                            <instance_material symbol="Material2" target="#ID97">
                                <bind_vertex_input semantic="UVSET0" input_semantic="TEXCOORD" input_set="0" />
                            </instance_material>
                            <instance_material symbol="Material3" target="#ID141">
                                <bind_vertex_input semantic="UVSET0" input_semantic="TEXCOORD" input_set="0" />
                            </instance_material>
                        </technique_common>
                    </bind_material>
                </instance_geometry>
                <instance_geometry url="#ID174">
                    <bind_material>
                        <technique_common>
                            <instance_material symbol="Material2" target="#ID97">
                                <bind_vertex_input semantic="UVSET0" input_semantic="TEXCOORD" input_set="0" />
                            </instance_material>
                            <instance_material symbol="Material3" target="#ID141">
                                <bind_vertex_input semantic="UVSET0" input_semantic="TEXCOORD" input_set="0" />
                            </instance_material>
                        </technique_common>
                    </bind_material>
                </instance_geometry>
                <instance_geometry url="#ID182">
                    <bind_material>
                        <technique_common>
                            <instance_material symbol="Material2" target="#ID97">
                                <bind_vertex_input semantic="UVSET0" input_semantic="TEXCOORD" input_set="0" />
                            </instance_material>
                            <instance_material symbol="Material3" target="#ID141">
                                <bind_vertex_input semantic="UVSET0" input_semantic="TEXCOORD" input_set="0" />
                            </instance_material>
                        </technique_common>
                    </bind_material>
                </instance_geometry>
                <instance_geometry url="#ID190">
                    <bind_material>
                        <technique_common>
                            <instance_material symbol="Material2" target="#ID97">
                                <bind_vertex_input semantic="UVSET0" input_semantic="TEXCOORD" input_set="0" />
                            </instance_material>
                            <instance_material symbol="Material3" target="#ID141">
                                <bind_vertex_input semantic="UVSET0" input_semantic="TEXCOORD" input_set="0" />
                            </instance_material>
                        </technique_common>
                    </bind_material>
                </instance_geometry>
            </node>
            <node id="ID198" name="group_4">
                <matrix>1 0 0 23.89166 0 1 0 5.62652 0 0 1 71.95971 0 0 0 1</matrix>
                <instance_geometry url="#ID312">
                    <bind_material>
                        <technique_common>
                            <instance_material symbol="Material2" target="#ID285">
                                <bind_vertex_input semantic="UVSET0" input_semantic="TEXCOORD" input_set="0" />
                            </instance_material>
                        </technique_common>
                    </bind_material>
                </instance_geometry>
                <instance_geometry url="#ID316">
                    <bind_material>
                        <technique_common>
                            <instance_material symbol="Material2" target="#ID285">
                                <bind_vertex_input semantic="UVSET0" input_semantic="TEXCOORD" input_set="0" />
                            </instance_material>
                        </technique_common>
                    </bind_material>
                </instance_geometry>
                <node id="ID199" name="group_5">
                    <matrix>1 0 0 -0.252 -0 0.4750118 0.8799794 4.072849 0 -0.8799794 0.4750118 13.07973 0 0 0 1</matrix>
                    <instance_geometry url="#ID200">
                        <bind_material>
                            <technique_common>
                                <instance_material symbol="Material2" target="#ID97">
                                    <bind_vertex_input semantic="UVSET0" input_semantic="TEXCOORD" input_set="0" />
                                </instance_material>
                            </technique_common>
                        </bind_material>
                    </instance_geometry>
                    <instance_geometry url="#ID206">
                        <bind_material>
                            <technique_common>
                                <instance_material symbol="Material2" target="#ID97">
                                    <bind_vertex_input semantic="UVSET0" input_semantic="TEXCOORD" input_set="0" />
                                </instance_material>
                                <instance_material symbol="Material3" target="#ID207">
                                    <bind_vertex_input semantic="UVSET0" input_semantic="TEXCOORD" input_set="0" />
                                </instance_material>
                            </technique_common>
                        </bind_material>
                    </instance_geometry>
                    <instance_geometry url="#ID219">
                        <bind_material>
                            <technique_common>
                                <instance_material symbol="Material2" target="#ID207">
                                    <bind_vertex_input semantic="UVSET0" input_semantic="TEXCOORD" input_set="0" />
                                </instance_material>
                            </technique_common>
                        </bind_material>
                    </instance_geometry>
                </node>
                <node id="ID227" name="group_6">
                    <matrix>1 0 0 8.170574 0 1 0 -9.769963e-15 0 0 1 11.45174 0 0 0 1</matrix>
                    <instance_geometry url="#ID284">
                        <bind_material>
                            <technique_common>
                                <instance_material symbol="Material2" target="#ID285">
                                    <bind_vertex_input semantic="UVSET0" input_semantic="TEXCOORD" input_set="0" />
                                </instance_material>
                            </technique_common>
                        </bind_material>
                    </instance_geometry>
                    <node id="ID228" name="group_7">
                        <matrix>0.931 0 0 1.421085e-14 0 0.931 0 0 0 0 0.931 1.449887 0 0 0 1</matrix>
                        <node id="ID229" name="instance_2">
                            <matrix>-0.9978438 0.06562934 0.0007523493 6.746263 -0.06562928 -0.9978441 9.942763e-05 6.751712 0.0007572527 4.983709e-05 0.9999997 0.004278179 0 0 0 1</matrix>
                            <instance_node url="#ID230" />
                        </node>
                        <node id="ID237" name="instance_3">
                            <matrix>-0.9807407 0.1953126 0.0007523493 6.746263 -0.1953126 -0.980741 9.942763e-05 6.751712 0.0007572793 -4.943058e-05 0.9999997 0.004278179 0 0 0 1</matrix>
                            <instance_node url="#ID230" />
                        </node>
                        <node id="ID238" name="instance_4">
                            <matrix>0.3219303 0.9467622 -0.001510758 6.759 -0.9467628 0.3219314 0.0005698359 6.749064 0.001025859 0.001246882 0.9999987 0.004283895 0 0 0 1</matrix>
                            <instance_node url="#ID230" />
                        </node>
                        <node id="ID239" name="instance_5">
                            <matrix>0.4427532 0.8966425 -0.001322322 6.75794 -0.8966427 0.4427543 0.0007145828 6.74825 0.001226189 0.0008692669 0.9999989 0.004282916 0 0 0 1</matrix>
                            <instance_node url="#ID230" />
                        </node>
                        <node id="ID240" name="instance_6">
                            <matrix>0.5560007 0.8311808 -0.001322322 6.75794 -0.8311807 0.5560019 0.0007145828 6.74825 0.001329161 0.0007017804 0.9999989 0.004282916 0 0 0 1</matrix>
                            <instance_node url="#ID230" />
                        </node>
                        <node id="ID241" name="instance_7">
                            <matrix>0.9978802 0.06506814 -0.001095089 6.756661 -0.0650673 0.9978806 0.0007802688 6.74788 0.001143538 -0.0007073603 0.9999991 0.004281647 0 0 0 1</matrix>
                            <instance_node url="#ID230" />
                        </node>
                        <node id="ID242" name="instance_8">
                            <matrix>-0.6593842 0.7518049 -0.001357522 6.758138 -0.751806 -0.659384 0.0006697616 6.748502 -0.0003915979 0.001462223 0.9999989 0.004283007 0 0 0 1</matrix>
                            <instance_node url="#ID230" />
                        </node>
                        <node id="ID243" name="instance_9">
                            <matrix>-0.4419206 0.8970529 -0.001484748 6.758854 -0.8970541 -0.4419207 0.0002949026 6.750612 -0.0003915979 0.001462223 0.9999989 0.004283007 0 0 0 1</matrix>
                            <instance_node url="#ID230" />
                        </node>
                        <node id="ID244" name="instance_10">
                            <matrix>-0.194688 0.9808641 -0.001510539 6.758999 -0.9808652 -0.1946881 9.858109e-05 6.751717 -0.0001973893 0.001500827 0.9999989 0.004283007 0 0 0 1</matrix>
                            <instance_node url="#ID230" />
                        </node>
                        <node id="ID245" name="instance_11">
                            <matrix>0.1951228 -0.9807786 -0.0006828517 6.754341 0.9807787 0.1951223 0.0007003295 6.74833 -0.0005536286 -0.0008063766 0.9999995 0.004279251 0 0 0 1</matrix>
                            <instance_node url="#ID230" />
                        </node>
                        <node id="ID246" name="instance_12">
                            <matrix>0.3214708 -0.9469193 -0.0006828517 6.754341 0.9469194 0.3214703 0.0007003295 6.74833 -0.0004436389 -0.000871741 0.9999995 0.004279251 0 0 0 1</matrix>
                            <instance_node url="#ID230" />
                        </node>
                        <node id="ID247" name="instance_13">
                            <matrix>0.8315953 0.5553818 -0.0006022973 6.753887 -0.5553816 0.8315955 0.0004616854 6.749673 0.0007572793 -4.943058e-05 0.9999997 0.004278179 0 0 0 1</matrix>
                            <instance_node url="#ID230" />
                        </node>
                        <node id="ID248" name="instance_14">
                            <matrix>-0.555229 0.8316963 -0.001433554 6.758566 -0.8316974 -0.5552289 0.0004861782 6.749535 -0.0003915979 0.001462223 0.9999989 0.004283007 0 0 0 1</matrix>
                            <instance_node url="#ID230" />
                        </node>
                        <node id="ID249" name="instance_15">
                            <matrix>0.4423182 -0.8968581 -0.0004472735 6.753015 0.8968581 0.4423179 0.0006693072 6.748505 -0.0004024364 -0.0006971877 0.9999997 0.004278382 0 0 0 1</matrix>
                            <instance_node url="#ID230" />
                        </node>
                        <node id="ID250" name="instance_16">
                            <matrix>-0.3210509 0.9470607 -0.001510539 6.758999 -0.9470619 -0.3210511 9.858109e-05 6.751717 -0.0003915979 0.001462223 0.9999989 0.004283007 0 0 0 1</matrix>
                            <instance_node url="#ID230" />
                        </node>
                        <node id="ID251" name="instance_17">
                            <matrix>0.6595161 0.7516901 -0.0007210566 6.754556 -0.7516901 0.6595164 0.0002558804 6.750831 0.0006678914 0.0003732539 0.9999997 0.004278206 0 0 0 1</matrix>
                            <instance_node url="#ID230" />
                        </node>
                        <node id="ID252" name="instance_18">
                            <matrix>0.751989 0.6591754 -0.0006022973 6.753887 -0.6591752 0.7519893 0.0004616854 6.749673 0.0007572527 4.983709e-05 0.9999997 0.004278179 0 0 0 1</matrix>
                            <instance_node url="#ID230" />
                        </node>
                        <node id="ID253" name="instance_19">
                            <matrix>0.9978491 -0.06555293 -5.822783e-19 6.750498 0.06555293 0.9978491 -2.329113e-19 6.752271 5.962939e-19 1.942403e-19 1 0.004276559 0 0 0 1</matrix>
                            <instance_node url="#ID230" />
                        </node>
                        <node id="ID254" name="instance_20">
                            <matrix>0.980756 -0.1952376 1.164557e-19 6.750498 0.1952376 0.980756 4.658226e-19 6.752271 -2.051607e-19 -4.341218e-19 1 0.004276559 0 0 0 1</matrix>
                            <instance_node url="#ID230" />
                        </node>
                        <node id="ID255" name="instance_21">
                            <matrix>-0.0654797 -0.9978537 -0.0005692333 6.753701 0.9978539 -0.06547983 0.0002141072 6.751066 -0.000250921 -0.000553992 0.9999998 0.0042776 0 0 0 1</matrix>
                            <instance_node url="#ID230" />
                        </node>
                        <node id="ID256" name="instance_22">
                            <matrix>0.9468819 -0.3215815 -0.0001188369 6.751166 0.3215815 0.9468819 0.0002057602 6.751113 4.635582e-05 -0.0002330464 1 0.004276718 0 0 0 1</matrix>
                            <instance_node url="#ID230" />
                        </node>
                        <node id="ID257" name="instance_23">
                            <matrix>0.8968064 -0.4424232 -0.0001188369 6.751166 0.4424232 0.8968064 0.0002057602 6.751113 1.554058e-05 -0.0002371033 1 0.004276718 0 0 0 1</matrix>
                            <instance_node url="#ID230" />
                        </node>
                        <node id="ID258" name="instance_24">
                            <matrix>0.06532654 -0.9978638 -0.0005692333 6.753701 0.9978639 0.06532642 0.0002141072 6.751066 -0.0001764639 -0.0005820043 0.9999998 0.0042776 0 0 0 1</matrix>
                            <instance_node url="#ID230" />
                        </node>
                        <node id="ID259" name="instance_25">
                            <matrix>-0.1951655 -0.98077 -0.0007887512 6.754937 0.9807703 -0.1951656 0.0001231602 6.751578 -0.0002747289 -0.0007495471 0.9999997 0.004278352 0 0 0 1</matrix>
                            <instance_node url="#ID230" />
                        </node>
                        <node id="ID260" name="instance_26">
                            <matrix>0.8313252 -0.5557861 -0.0004353458 6.752948 0.5557861 0.8313253 -0.0001804306 6.753287 0.0004621948 -9.196258e-05 0.9999999 0.004277184 0 0 0 1</matrix>
                            <instance_node url="#ID230" />
                        </node>
                        <node id="ID261" name="instance_27">
                            <matrix>0.7516685 -0.659541 -0.0004353458 6.752948 0.659541 0.7516686 -0.0001804306 6.753287 0.0004462372 -0.0001515044 0.9999999 0.004277184 0 0 0 1</matrix>
                            <instance_node url="#ID230" />
                        </node>
                        <node id="ID262" name="instance_28">
                            <matrix>0.6591506 -0.7520107 -0.0006411547 6.754106 0.7520109 0.6591507 -6.167803e-05 6.752619 0.0004690001 -0.0004415002 0.9999998 0.004277726 0 0 0 1</matrix>
                            <instance_node url="#ID230" />
                        </node>
                        <node id="ID263" name="instance_29">
                            <matrix>0.5553543 -0.8316136 -0.0006411547 6.754106 0.8316137 0.5553545 -6.167803e-05 6.752619 0.0004073604 -0.0004989399 0.9999998 0.004277726 0 0 0 1</matrix>
                            <instance_node url="#ID230" />
                        </node>
                        <node id="ID264" name="instance_30">
                            <matrix>-0.321512 -0.9469052 -0.0007887512 6.754937 0.9469054 -0.3215122 0.0001231602 6.751578 -0.0003702141 -0.0007072753 0.9999997 0.004278352 0 0 0 1</matrix>
                            <instance_node url="#ID230" />
                        </node>
                        <node id="ID265" name="instance_31">
                            <matrix>0.1955988 0.9806828 -0.001510758 6.759 -0.9806836 0.1955999 0.0005698359 6.749064 0.0008543323 0.001370116 0.9999987 0.004283895 0 0 0 1</matrix>
                            <instance_node url="#ID230" />
                        </node>
                        <node id="ID266" name="instance_32">
                            <matrix>0.9808501 0.194761 -0.001095089 6.756661 -0.1947602 0.9808506 0.0007802688 6.74788 0.001226084 -0.000552047 0.9999991 0.004281647 0 0 0 1</matrix>
                            <instance_node url="#ID230" />
                        </node>
                        <node id="ID267" name="instance_33">
                            <matrix>-0.9978735 -0.06517661 0.0006907988 6.74661 0.06517685 -0.9978737 0.0003289293 6.75042 0.0006678914 0.0003732539 0.9999997 0.004278206 0 0 0 1</matrix>
                            <instance_node url="#ID230" />
                        </node>
                        <node id="ID268" name="instance_34">
                            <matrix>-0.4426566 -0.8966905 0.00113782 6.744094 0.8966911 -0.4426556 0.0009984048 6.746652 -0.0003915979 0.001462223 0.9999989 0.004283007 0 0 0 1</matrix>
                            <instance_node url="#ID230" />
                        </node>
                        <node id="ID269" name="instance_35">
                            <matrix>-0.5559112 -0.8312409 0.00113782 6.744094 0.8312417 -0.5559103 0.0009984048 6.746652 -0.0001973893 0.001500827 0.9999989 0.004283007 0 0 0 1</matrix>
                            <instance_node url="#ID230" />
                        </node>
                        <node id="ID270" name="instance_36">
                            <matrix>-0.8967232 0.4425902 0.001158004 6.74398 -0.4425901 -0.896724 0.0003905719 6.750073 0.001211274 -0.0001622864 0.9999993 0.004280762 0 0 0 1</matrix>
                            <instance_node url="#ID230" />
                        </node>
                        <node id="ID271" name="instance_37">
                            <matrix>-0.6596539 -0.7515689 0.000993248 6.744908 0.7515695 -0.6596534 0.0008098354 6.747714 4.655231e-05 0.001280706 0.9999992 0.00428118 0 0 0 1</matrix>
                            <instance_node url="#ID230" />
                        </node>
                        <node id="ID272" name="instance_38">
                            <matrix>-0.7521099 -0.659037 0.000993248 6.744908 0.6590377 -0.7521095 0.0008098354 6.747714 0.0002133197 0.001263673 0.9999992 0.00428118 0 0 0 1</matrix>
                            <instance_node url="#ID230" />
                        </node>
                        <node id="ID273" name="instance_39">
                            <matrix>-0.9468213 0.3217579 0.001158004 6.74398 -0.3217577 -0.946822 0.0003905719 6.750073 0.001222094 -2.795109e-06 0.9999993 0.004280762 0 0 0 1</matrix>
                            <instance_node url="#ID230" />
                        </node>
                        <node id="ID274" name="instance_40">
                            <matrix>-0.831282 0.5558493 0.001326078 6.743034 -0.5558495 -0.8312829 0.0002226113 6.751019 0.001226084 -0.000552047 0.9999991 0.004281647 0 0 0 1</matrix>
                            <instance_node url="#ID230" />
                        </node>
                        <node id="ID275" name="instance_41">
                            <matrix>-0.8317573 -0.5551375 0.001471202 6.742218 0.5551388 -0.8317575 0.0006653321 6.748527 0.0008543323 0.001370116 0.9999987 0.004283895 0 0 0 1</matrix>
                            <instance_node url="#ID230" />
                        </node>
                        <node id="ID276" name="instance_42">
                            <matrix>-0.8971015 -0.4418221 0.001471202 6.742218 0.4418234 -0.8971018 0.0006653321 6.748527 0.001025859 0.001246882 0.9999987 0.004283895 0 0 0 1</matrix>
                            <instance_node url="#ID230" />
                        </node>
                        <node id="ID277" name="instance_43">
                            <matrix>-0.9470959 -0.3209474 0.00144031 6.742392 0.3209483 -0.9470966 0.0004297368 6.749853 0.001226189 0.0008692669 0.9999989 0.004282916 0 0 0 1</matrix>
                            <instance_node url="#ID230" />
                        </node>
                        <node id="ID278" name="instance_44">
                            <matrix>-0.9808854 -0.1945809 0.00144031 6.742392 0.1945817 -0.9808862 0.0004297368 6.749853 0.001329161 0.0007017804 0.9999989 0.004282916 0 0 0 1</matrix>
                            <instance_node url="#ID230" />
                        </node>
                        <node id="ID279" name="instance_45">
                            <matrix>-0.7516174 0.659598 0.001326078 6.743034 -0.6595983 -0.7516182 0.0002226113 6.751019 0.001143538 -0.0007073603 0.9999991 0.004281647 0 0 0 1</matrix>
                            <instance_node url="#ID230" />
                        </node>
                        <node id="ID280" name="instance_46">
                            <matrix>0.9470375 0.3211211 -0.001095009 6.75666 -0.3211206 0.9470381 0.0005426568 6.749217 0.001211274 -0.0001622864 0.9999993 0.004280762 0 0 0 1</matrix>
                            <instance_node url="#ID230" />
                        </node>
                        <node id="ID281" name="instance_47">
                            <matrix>0.8970208 0.441987 -0.001095009 6.75666 -0.4419867 0.8970214 0.0005426568 6.749217 0.001222094 -2.795109e-06 0.9999993 0.004280762 0 0 0 1</matrix>
                            <instance_node url="#ID230" />
                        </node>
                        <node id="ID282" name="instance_48">
                            <matrix>-0.06499417 0.9978848 -0.001274972 6.757673 -0.9978856 -0.06499406 0.0001296923 6.751541 4.655231e-05 0.001280706 0.9999992 0.00428118 0 0 0 1</matrix>
                            <instance_node url="#ID230" />
                        </node>
                        <node id="ID283" name="instance_49">
                            <matrix>0.06581197 0.9978312 -0.001274972 6.757673 -0.997832 0.06581219 0.0001296923 6.751541 0.0002133197 0.001263673 0.9999992 0.00428118 0 0 0 1</matrix>
                            <instance_node url="#ID230" />
                        </node>
                    </node>
                </node>
                <node id="ID290" name="group_8">
                    <matrix>1 0 0 5.89921 0 0.93 0 -0.06966259 0 0 1 7.91645 0 0 0 1</matrix>
                    <instance_geometry url="#ID291">
                        <bind_material>
                            <technique_common>
                                <instance_material symbol="Material2" target="#ID97">
                                    <bind_vertex_input semantic="UVSET0" input_semantic="TEXCOORD" input_set="0" />
                                </instance_material>
                            </technique_common>
                        </bind_material>
                    </instance_geometry>
                    <instance_geometry url="#ID297">
                        <bind_material>
                            <technique_common>
                                <instance_material symbol="Material2" target="#ID97">
                                    <bind_vertex_input semantic="UVSET0" input_semantic="TEXCOORD" input_set="0" />
                                </instance_material>
                                <instance_material symbol="Material3" target="#ID298">
                                    <bind_vertex_input semantic="UVSET0" input_semantic="TEXCOORD" input_set="0" />
                                </instance_material>
                            </technique_common>
                        </bind_material>
                    </instance_geometry>
                </node>
                <node id="ID305" name="group_9">
                    <matrix>-2.005227e-14 0.93 1.635312e-08 9.773114 -0.5319135 -3.08448e-14 1.520805e-08 8.712689 8.52283e-09 -1.385858e-08 1.0974 3.612 0 0 0 1</matrix>
                    <instance_geometry url="#ID306">
                        <bind_material>
                            <technique_common>
                                <instance_material symbol="Material2" target="#ID97">
                                    <bind_vertex_input semantic="UVSET0" input_semantic="TEXCOORD" input_set="0" />
                                </instance_material>
                            </technique_common>
                        </bind_material>
                    </instance_geometry>
                </node>
            </node>
            <node id="ID320" name="group_10">
                <matrix>-1 2.018916e-25 -1.718486e-13 76.20861 5.821165e-14 -0.9408808 -0.3387379 89.93623 -1.616891e-13 -0.3387379 0.9408808 18.9814 0 0 0 1</matrix>
                <instance_geometry url="#ID321">
                    <bind_material>
                        <technique_common>
                            <instance_material symbol="Material2" target="#ID97">
                                <bind_vertex_input semantic="UVSET0" input_semantic="TEXCOORD" input_set="0" />
                            </instance_material>
                            <instance_material symbol="Material3" target="#ID112">
                                <bind_vertex_input semantic="UVSET0" input_semantic="TEXCOORD" input_set="0" />
                            </instance_material>
                        </technique_common>
                    </bind_material>
                </instance_geometry>
                <instance_geometry url="#ID329">
                    <bind_material>
                        <technique_common>
                            <instance_material symbol="Material2" target="#ID97">
                                <bind_vertex_input semantic="UVSET0" input_semantic="TEXCOORD" input_set="0" />
                            </instance_material>
                            <instance_material symbol="Material3" target="#ID112">
                                <bind_vertex_input semantic="UVSET0" input_semantic="TEXCOORD" input_set="0" />
                            </instance_material>
                        </technique_common>
                    </bind_material>
                </instance_geometry>
                <instance_geometry url="#ID337">
                    <bind_material>
                        <technique_common>
                            <instance_material symbol="Material2" target="#ID97">
                                <bind_vertex_input semantic="UVSET0" input_semantic="TEXCOORD" input_set="0" />
                            </instance_material>
                            <instance_material symbol="Material3" target="#ID112">
                                <bind_vertex_input semantic="UVSET0" input_semantic="TEXCOORD" input_set="0" />
                            </instance_material>
                        </technique_common>
                    </bind_material>
                </instance_geometry>
                <instance_geometry url="#ID345">
                    <bind_material>
                        <technique_common>
                            <instance_material symbol="Material2" target="#ID97">
                                <bind_vertex_input semantic="UVSET0" input_semantic="TEXCOORD" input_set="0" />
                            </instance_material>
                            <instance_material symbol="Material3" target="#ID112">
                                <bind_vertex_input semantic="UVSET0" input_semantic="TEXCOORD" input_set="0" />
                            </instance_material>
                        </technique_common>
                    </bind_material>
                </instance_geometry>
                <instance_geometry url="#ID353">
                    <bind_material>
                        <technique_common>
                            <instance_material symbol="Material2" target="#ID207">
                                <bind_vertex_input semantic="UVSET0" input_semantic="TEXCOORD" input_set="0" />
                            </instance_material>
                        </technique_common>
                    </bind_material>
                </instance_geometry>
                <instance_geometry url="#ID361">
                    <bind_material>
                        <technique_common>
                            <instance_material symbol="Material2" target="#ID207">
                                <bind_vertex_input semantic="UVSET0" input_semantic="TEXCOORD" input_set="0" />
                            </instance_material>
                        </technique_common>
                    </bind_material>
                </instance_geometry>
            </node>
            <node id="ID369" name="group_11">
                <matrix>1 0 0 0 0 1 0 8.786171 0 0 1 0 0 0 0 1</matrix>
                <instance_geometry url="#ID370">
                    <bind_material>
                        <technique_common>
                            <instance_material symbol="Material2" target="#ID97">
